4294967279,111
4294967279,110
4294967279,108
4294967279,551
4294967278,195
4294967279,182
4294967278,178
20,4
4294967294,1416
4294967278,33
4294967278,32
4294967278,31
4294967278,30
4294967278,29
4294967278,28
4294967278,27
4294967278,26
4294967278,25
4294967278,24
4294967278,23
4294967278,22
4294967278,21
4294967278,20
4294967278,19
4294967278,18
4294967278,17
4294967278,16
4294967278,15
4294967278,14
4294967278,13
4294967278,12
4294967278,11
4294967278,10
4294967278,9
4294967278,8
4294967278,7
4294967278,6
4294967278,5
4294967278,4
4294967279,132
4294967279,131
4294967279,130
4294967279,129
4294967279,128
4294967279,127
4294967279,126
4294967279,125
4294967279,124
4294967279,123
4294967279,122
4294967279,121
4294967279,120
4294967279,119
4294967279,153
19,4
19,6
4294967278,296
4294967294,903
4294967294,904
4294967294,76
4294967294,46
4294967294,389
4294967294,114
4294967294,115
4294967294,2
4294967294,186
4294967294,42
4294967294,40
4294967294,39
4294967294,41
4294967294,38
4294967294,37
4294967294,36
4294967279,290
4294967279,148
4294967278,145
20,5
4294967279,550
19,7
4294967294,120
4294967294,419
4294967294,1413
4294967294,910
4294967294,162
4294967294,916
4294967294,190
4294967294,185
4294967294,973
4294967294,0
4294967294,967
4294967294,921
4294967294,437
4294967294,45
4294967294,427
4294967294,44
4294967294,53
4294967294,949
4294967294,29
4294967294,950
4294967294,28
4294967294,91
4294967294,90
4294967294,87
4294967294,86
4294967294,85
4294967294,84
4294967294,96
4294967294,94
4294967279,138
30,4
30,3
30,2
30,1
4294967278,136
29,4
29,3
29,2
29,1
4294967278,135
4294967279,134
28,4
4294967278,134
28,3
28,2
28,1
4294967279,133
4294967278,133
27,4
4294967279,271
27,3
27,2
27,1
4294967278,276
26,4
4294967278,288
26,3
26,2
26,1
4294967279,280
4294967278,287
25,4
4294967279,279
25,3
25,2
25,1
24,4
24,3
24,2
24,1
4294967279,277
4294967278,270
23,4
23,3
23,2
23,1
4294967278,269
4294967279,264
22,4
22,3
22,2
22,1
4294967278,267
21,4
4294967279,262
21,3
21,2
21,1
4294967278,265
20,3
20,2
20,1
4294967279,275
4294967278,291
4294967278,264
4294967279,257
19,3
19,2
19,1
4294967279,274
4294967294,9
4294967294,8
0,7
4294967294,18
4294967294,127
4294967294,14
4294967294,126
4294967294,20
4294967294,13
4294967278,262
4294967278,363
4294967279,254
4294967278,278
4294967278,258
4294967279,549
4294967279,548
4294967294,30
4294967294,942
4294967294,941
4294967294,939
4294967294,938
4294967294,933
4294967294,922
4294967294,436
4294967294,158
4294967294,157
4294967294,156
4294967294,155
4294967294,60
4294967278,362
4294967279,547
4294967278,361
4294967279,252
4294967294,50
4294967294,424
4294967294,51
4294967294,920
4294967294,88
4294967279,546
4294967278,255
4294967279,545
4294967279,544
4294967278,254
4294967279,543
4294967278,37
4294967278,36
4294967278,35
4294967278,34
4294967279,25
4294967279,24
4294967279,21
4294967279,20
4294967279,250
18,0
4294967278,253
4294967279,248
4294967278,248
4294967279,244
4294967278,243
4294967279,241
4294967278,239
4294967279,542
4294967278,360
4294967279,238
4294967278,359
4294967278,235
4294967278,232
4294967279,231
4294967278,230
4294967279,229
4294967279,228
4294967279,223
4294967279,18
4294967279,17
4294967279,15
4294967278,222
4294967279,221
4294967278,221
4294967279,220
4294967279,217
4294967279,215
4294967279,214
4294967278,358
4294967279,213
4294967279,14
4294967279,13
4294967279,11
4294967279,212
4294967279,541
4294967278,357
4294967279,210
4294967279,209
4294967278,208
4,4
4294967294,12
4294967294,81
4294967294,970
4294967294,82
4294967294,83
4294967294,68
4294967294,11
4294967279,540
4294967279,539
4294967279,0
4294967278,0
4294967279,207
4294967278,206
16,4
4294967294,6
4294967294,22
4294967294,5
4294967278,205
4294967278,132
4294967278,131
4294967278,130
4294967278,129
4294967278,128
4294967278,127
4294967278,126
4294967278,125
4294967278,124
4294967278,123
4294967278,122
4294967278,121
4294967278,120
4294967278,119
4294967278,118
4294967278,117
4294967278,116
4294967278,115
4294967278,114
4294967278,113
4294967278,112
4294967278,111
4294967278,110
4294967278,109
4294967278,108
4294967278,107
4294967278,106
4294967278,105
4294967278,104
4294967278,103
4294967278,102
4294967278,101
4294967278,100
4294967278,99
4294967278,98
